85 34 57 86 87 6 41 56 42 63 
91 86 1 17 28 11 74 32 62 64 
79 70 96 69 25 35 48 51 69 92 
100 25 64 14 52 56 31 44 78 60 
80 55 28 61 85 16 47 77 95 45 
9 49 65 53 94 38 29 58 85 68 
4 28 9 52 26 18 96 34 77 43 
55 30 85 61 3 0 51 18 88 19 
3 88 88 19 57 19 9 18 90 38 
77 11 93 32 81 99 29 77 21 71 
41 82 47 22 84 64 67 67 19 3 
26 99 41 12 71 57 52 26 6 81 
55 13 1 82 67 35 85 96 42 89 
33 87 62 78 81 100 39 1 74 11 
74 93 60 59 36 42 64 63 34 57 
19 38 89 58 45 20 50 11 9 14 
75 13 85 33 88 15 99 19 1 36 
78 28 61 23 57 3 38 80 49 78 
36 50 23 90 21 24 19 98 28 84 
77 97 81 74 48 13 61 41 88 23 
89 0 72 87 43 9 18 80 97 18 
71 65 15 17 74 12 65 10 81 11 
16 30 4 16 31 51 62 13 95 2 
99 29 9 100 69 25 98 26 93 90 
3 0 42 76 40 30 93 46 17 44 
22 96 40 42 63 50 100 57 72 96 
69 23 0 36 15 21 47 77 6 76 
48 3 32 40 92 38 49 33 77 10 
88 29 5 26 74 85 56 87 42 9 
25 85 46 45 99 91 40 99 82 29 
